handScores [0.0, 2.0, 5.0, 10.0, 15.0, 20.0, 25.0, 50.0, 75.0, 100.0]
rowHands [1.0, 1.0, 1.0, 1.0, 1.0, 0.0, 1.0, 1.0, 1.0, 1.0]
colHands [0.0, 0.0, 0.0, 0.0, 0.0, 0.0, 0.0, 0.0, 0.0, 0.0]
exps [1.0, 1.0, 1.0, 1.0, 1.0, 1.0, 1.0, 1.0, 1.0, 1.0]
highCardPolicy [1.0, 1.0, 1.0, 1.0, 1.0]
pairPolicy [0.0, 1.0, 1.0, 1.0, 1.0, 1.0]
twoPairPolicy [1.0, 0.0, 1.0, 1.0]
threeOfAKindPolicy [0.75, 1.0, 0.25, 1.0, 0.25, 1.0, 0.0, 1.0]
flushPolicy [1.0, 1.0, 1.0, 1.0, 1.0, 1.0]
fullHousePolicy [1.0, 1.0, 1.0, 1.0, 1.0, 1.0, 1.0, 1.0, 0.0]
fourOfAKindPolicy [1.0, 1.0, 1.0, 0.9375, 1.0, 1.0, 0.375]
