handScores [0.0, 2.0, 5.0, 10.0, 15.0, 20.0, 25.0, 50.0, 75.0, 100.0]
rowHands [1.0, 1.0, 1.0, 1.0, 1.0, 1.0, 1.0, 1.0, 1.0, 1.0]
colHands [1.0, 1.0, 1.0, 1.0, 1.0, 1.0, 1.0, 1.0, 1.0, 1.0]
highCardPolicy [1.0, 1.0, 1.0, 1.0, 1.0]
pairPolicy [1.0, 0.03125, 1.0, 1.0, 1.0, 1.0, 1.0]
twoPairPolicy [0.03125, 0.0078125, 0.6583552107040305, 1.0, 0.234375, 1.0, 1.0]
threeOfAKindPolicy [4.8828125E-4, 0.5, 1.0, 1.0, 1.0, 1.0, 1.0, 1.0]
flushPolicy [1.0, 1.0, 0.0, 0.7986316680908203, 0.89453125, 1.0]
fullHousePolicy [0.0390625, 0.0, 1.0, 0.42578125, 0.689697265625, 0.140625, 1.0, 1.0, 1.0]
fourOfAKindPolicy [1.0, 1.0, 1.0, 1.0, 1.0, 1.0, 1.0]
