handScores [0.0, 2.0, 5.0, 10.0, 15.0, 20.0, 25.0, 50.0, 75.0, 100.0]
rowHands [1.0, 1.0, 1.0, 1.0, 1.0, 0.0, 1.0, 0.0, 1.0, 1.0]
colHands [0.0, 0.0, 0.0, 0.0, 0.0, 1.0, 0.0, 1.0, 1.0, 1.0]
exps [1.0, 1.0, 1.0, 1.0, 1.0, 1.0, 1.0, 1.0, 1.0, 1.0]
highCardPolicy [1.0, 1.0, 1.0, 1.0, 1.0]
pairPolicy [1.0625, 36.625]
twoPairPolicy [2.46875, 26.21875, 10.3125, 0.921875]
threeOfAKindPolicy [17.65625, 1.25, 1.0, 1.3125, 2.0]
flushPolicy [18.0625, 12.75, 9.28125, 3.15625, 1.5625, 0.0]
fullHousePolicy [13.0, 11.65625, 4.8125, 2.875, 6.453125, 9.046875, 1.0625, 1.0, 0.28125]
fourOfAKindPolicy [11.0, 6.0, 12.25, 1.0, 6.625, 0.921875, 1.0]
